1 14218 1 125
2 46 1 315
3 2181 1 123
4 14550 1 531
5 181 1 513
6 19599 1 254
7 14318 1 235
8 667 1 342
9 802 1 351
10 3303 1 315
11 694 1 451
12 73 1 532
13 235 1 415
14 748 1 143
15 12415 1 235
16 1635 1 543
17 613 1 432
18 1492 1 152
19 13129 1 421
20 1662 1 214
21 532 1 341
22 1464 1 221
23 505 1 254
24 208 1 235
25 154 1 321
26 829 1 514
27 14268 1 124
28 14293 1 215
29 14143 1 245
30 424 1 342
31 14243 1 451
32 1326 1 425
33 1680 1 425
34 14576 1 354
35 559 1 134
36 343 1 314
37 1606 1 243
38 1579 1 512
39 1155 1 321
40 316 1 145
41 1519 1 123
42 14168 1 354
43 14193 1 341
44 1182 1 234
45 263 1 432
46 1546 1 123
47 478 1 341
