1 8944 10 13
2 8856 10 8
3 14177 10 13
4 8942 10 5
5 14252 10 13
6 14152 10 14
7 13138 10 26
8 14277 10 7
9 14585 10 6
10 12424 10 2
11 8935 10 13
12 8946 10 6
13 8881 10 8
14 19608 10 24
15 14227 10 5
16 14327 10 81
17 8882 10 11
18 8877 10 1
19 8873 10 0
20 8862 10 0
21 8858 10 1
22 8879 10 4
23 8866 10 4
24 8880 10 6
25 8868 10 2
26 8883 10 13
27 14302 10 127
28 8860 10 0
29 8941 10 4
30 8936 10 30
31 8933 10 9
32 8861 10 1
33 8945 10 13
34 14202 10 6
35 14559 10 4
36 8876 10 1
37 8939 10 6
38 8934 10 26
39 8871 10 1
40 8937 10 15
41 8943 10 5
42 8940 10 4
43 8938 10 7