1 14178 11 11
2 8763 11 32
3 3308 11 13
4 14586 11 12
5 8778 11 11
6 9074 11 23
7 9079 11 13
8 9076 11 22
9 14153 11 12
10 8771 11 22
11 14560 11 23
12 14303 11 23
13 8780 11 23
14 8725 11 23
15 12425 11 13
16 14145 11 3
17 14228 11 13
18 8732 11 13
19 13139 11 21
20 8727 11 23
21 8781 11 22
22 9078 11 31
23 19609 11 32
24 14278 11 32
25 8728 11 12
26 9068 11 22
27 8782 11 13
28 14328 11 21
29 9069 11 22
30 9075 11 33
31 8769 11 32
32 9077 11 22
33 8759 11 21
34 9080 11 32
35 14203 11 22
36 14253 11 22