1 19611 13 34
2 831 13 14
3 480 13 34
4 48 13 14
5 14180 13 15
6 1494 13 25
7 291 13 13
8 1581 13 24
9 1521 13 12
10 561 13 45
11 102 13 34
12 12427 13 35
13 1548 13 34
14 615 13 24
15 1390 13 25
16 1010 13 35
17 1328 13 13
18 14205 13 14
19 983 13 24
20 1685 13 12
21 1157 13 15
22 75 13 14
23 14255 13 13
24 156 13 15
25 858 13 34
26 14330 13 12
27 14155 13 14
28 14280 13 15
29 264 13 35
30 14562 13 15
31 14588 13 13
32 14230 13 23
33 1184 13 23
34 237 13 13
35 1417 13 13
36 129 13 15
37 804 13 25
38 318 13 24
39 14305 13 35
40 13141 13 15
41 534 13 12