1 2628 14 23
2 12428 14 25
3 14281 14 23
4 642 14 23
5 669 14 13
6 13142 14 23
7 210 14 23
8 507 14 13
9 2633 14 15
10 1608 14 14
11 1664 14 35
12 14206 14 14
13 14306 14 23
14 14331 14 15
15 696 14 14
16 750 14 35
17 14156 14 25
18 2634 14 24
19 2629 14 24
20 345 14 12
21 19612 14 24
22 183 14 15
23 426 14 14
24 2630 14 13
25 2615 14 45
26 723 14 35
27 588 14 12
28 885 14 35
29 14231 14 24
30 14563 14 35
31 14256 14 13
32 372 14 34
33 1466 14 13
34 1637 14 24
35 2632 14 45
36 2631 14 23
37 14181 14 34