1 313 15 4
2 637 15 2
3 1206 15 2
4 718 15 2
5 124 15 4
6 556 15 3
7 421 15 1
8 1287 15 3
9 97 15 3
10 1632 15 3
11 14257 15 4
12 1463 15 2
13 12429 15 1
14 205 15 2
15 691 15 2
16 917 15 3
17 19613 15 3
18 14564 15 1
19 14282 15 2
20 1387 15 3
21 3320 15 2
22 1260 15 2
23 799 15 2
24 583 15 2
25 259 15 4
26 340 15 1
27 70 15 2
28 232 15 3
29 826 15 3
30 151 15 1
31 1233 15 4
32 1068 15 4
33 1699 15 4
34 14232 15 2
35 1323 15 1
36 1414 15 2
37 880 15 1
38 853 15 1
39 745 15 1
40 14590 15 4
41 1578 15 1
42 178 15 3
43 1152 15 3
44 14182 15 1
45 1095 15 4
46 664 15 3
47 1659 15 4
48 14332 15 4
49 1179 15 4
50 1605 15 4
51 1545 15 2
52 43 15 2
53 14307 15 2