1 616 16 12
2 13144 16 13
3 1074 16 24
4 157 16 14
5 1212 16 12
6 1609 16 13
7 1700 16 34
8 832 16 35
9 1638 16 13
10 14591 16 14
11 1665 16 24
12 130 16 13
13 14258 16 34
14 670 16 14
15 1495 16 45
16 751 16 14
17 1011 16 14
18 481 16 25
19 1185 16 23
20 535 16 34
21 346 16 13
22 1101 16 12
23 14333 16 12
24 319 16 34
25 238 16 12
26 1266 16 13
27 920 16 25
28 1239 16 25
29 1522 16 35
30 1329 16 23
31 14308 16 13
32 76 16 35
33 643 16 13
34 49 16 24
35 373 16 25
36 12430 16 24
37 14283 16 34
38 724 16 13
39 1391 16 12
40 14233 16 13
41 508 16 15
42 1158 16 15
43 1418 16 45
44 984 16 23
45 3321 16 45
46 886 16 13
47 697 16 12
48 19614 16 12
49 589 16 25
50 14565 16 13
51 14208 16 12
52 1688 16 25
53 14158 16 14
54 1549 16 14
55 1293 16 34
56 14183 16 35
57 859 16 23
58 211 16 14
59 103 16 12
60 562 16 34
61 292 16 23
62 265 16 25
63 805 16 35
64 923 16 25
65 184 16 13
66 1582 16 13