1 14334 17 0 3
2 12431 17 0 3
3 1499 17 0 3
4 213 17 0 3
5 321 17 0 3
6 14309 17 0 3
7 726 17 0 3
8 14209 17 0 3
9 78 17 0 3
10 294 17 0 3
11 14234 17 0 3
12 942 17 0 3
13 267 17 0 3
14 375 17 0 3
15 159 17 0 3
16 986 17 0 3
17 893 17 0 3
18 1422 17 0 3
19 483 17 0 3
20 105 17 0 3
21 934 17 0 3
22 51 17 0 3
23 1013 17 0 3
24 946 17 0 3
25 1187 17 0 3
26 861 17 0 3
27 14284 17 0 3
28 510 17 0 3
29 186 17 0 3
30 1331 17 0 3
31 1526 17 0 3
32 930 17 0 3
33 1613 17 0 3
34 14566 17 0 3
35 925 17 0 3
36 132 17 0 3
37 14159 17 0 3
38 14592 17 0 3
39 834 17 0 3
40 240 17 0 3
41 13145 17 0 3
42 14184 17 0 3
43 618 17 0 3
44 14259 17 0 3
45 807 17 0 3
46 938 17 0 3