1 9055 18 14
2 14160 18 23
3 14260 18 31
4 8798 18 34
5 8797 18 24
6 8795 18 42
7 8794 18 24
8 8793 18 14
9 9065 18 12
10 14185 18 31
11 9061 18 23
12 9062 18 21
13 8802 18 13
14 14210 18 42
15 14285 18 42
16 8792 18 12
17 14235 18 13
18 9057 18 42
19 9066 18 34
20 13146 18 12
21 9056 18 43
22 9063 18 43
23 14310 18 24
24 8804 18 43
25 8796 18 14
26 9053 18 34
27 9064 18 34
28 14567 18 24
29 12432 18 34
30 9060 18 42
31 8803 18 23
32 9059 18 34
33 9058 18 24
34 8791 18 14
35 8801 18 31
36 8805 18 34
37 8790 18 12
38 14335 18 23
39 19616 18 32
40 8800 18 34