1 14568 19 3
2 14498 19 25
3 14489 19 24
4 14514 19 23
5 14486 19 12
6 14525 19 15
7 14531 19 34
8 14492 19 13
9 14494 19 25
10 14509 19 35
11 14487 19 14
12 14482 19 15
13 14483 19 13
14 14523 19 35
15 14518 19 23
16 14521 19 12
17 14493 19 34
18 14529 19 14
19 14520 19 13
20 14499 19 45
21 14516 19 14
22 14526 19 24
23 14504 19 24
24 14503 19 14
25 14522 19 23
26 14501 19 23
27 14484 19 25
28 14497 19 15
29 14502 19 14
30 19617 19 34
31 14508 19 23
32 14496 19 24
33 14507 19 14
34 14481 19 23
35 14480 19 24
36 14485 19 14
37 14515 19 35
38 14488 19 24
39 14594 19 12
40 14506 19 24
41 14505 19 15
42 14495 19 25
43 14491 19 23
44 14530 19 45
45 14527 19 35
46 14519 19 12
47 14517 19 14
48 14500 19 15
49 14524 19 25
50 14528 19 35
51 14490 19 25