1 1979 20 0 2
2 13149 20 0 2
3 887 20 0 2
4 12435 20 0 2
5 428 20 0 2
6 671 20 0 2
7 509 20 0 2
8 924 20 0 2
9 2060 20 0 2
10 2240 20 0 2
11 1898 20 0 2
12 185 20 0 2
13 14595 20 0 2
14 1421 20 0 2
15 2399 20 0 2
16 2214 20 0 2
17 14288 20 0 2
18 320 20 0 2
19 2134 20 0 2
20 644 20 0 2
21 158 20 0 2
22 14338 20 0 2
23 2111 20 0 2
24 2452 20 0 2
25 3324 20 0 2
26 1186 20 0 2
27 14569 20 0 2
28 2033 20 0 2
29 374 20 0 2
30 482 20 0 2
31 2187 20 0 2
32 239 20 0 2
33 1639 20 0 2
34 617 20 0 2
35 14238 20 0 2
36 1612 20 0 2
37 19618 20 0 2
38 698 20 0 2
39 14188 20 0 2
40 2160 20 0 2
41 14213 20 0 2
42 14263 20 0 2
43 212 20 0 2
44 1702 20 0 2
45 14313 20 0 2
46 77 20 0 2
47 1213 20 0 2
48 1871 20 0 2
49 1330 20 0 2
50 104 20 0 2
51 347 20 0 2
52 14495 19 25
53 14516 19 14
54 14490 19 25
55 14503 19 14
56 14525 19 15
57 14482 19 15
58 14506 19 24
59 14489 19 24
60 14508 19 23
61 14505 19 15
62 19617 19 34
63 14530 19 45
64 14522 19 23
65 14498 19 25
66 14529 19 14
67 14526 19 24
68 14481 19 23
69 14518 19 23
70 14488 19 24
71 14491 19 23
72 14520 19 13
73 14497 19 15
74 14480 19 24
75 14502 19 14
76 14517 19 14
77 14484 19 25
78 14504 19 24
79 14509 19 35
80 14501 19 23
81 14487 19 14
82 14486 19 12
83 14496 19 24
84 14493 19 34
85 14499 19 45
86 14594 19 12
87 14494 19 25
88 14483 19 13
89 14515 19 35
90 14492 19 13
91 14500 19 15
92 14507 19 14
93 14568 19 3
94 14528 19 35
95 14514 19 23
96 14524 19 25
97 14531 19 34
98 14485 19 14
99 14523 19 35
100 14527 19 35