1 19619 21 0 2
2 939 21 0 2
3 14314 21 0 2
4 1104 21 0 2
5 926 21 0 2
6 862 21 0 2
7 1269 21 0 2
8 349 21 0 2
9 931 21 0 2
10 901 21 0 2
11 1614 21 0 2
12 619 21 0 2
13 673 21 0 2
14 14596 21 0 2
15 754 21 0 2
16 1296 21 0 2
17 214 21 0 2
18 935 21 0 2
19 592 21 0 2
20 1500 21 0 2
21 5152 21 0 2
22 14570 21 0 2
23 14239 21 0 2
24 13150 21 0 2
25 1554 21 0 2
26 14339 21 0 2
27 484 21 0 2
28 268 21 0 2
29 808 21 0 2
30 52 21 0 2
31 835 21 0 2
32 14214 21 0 2
33 1077 21 0 2
34 79 21 0 2
35 889 21 0 2