1 565 22 0 2
2 1242 22 0 2
3 1332 22 0 2
4 106 22 0 2
5 1704 22 0 2
6 1188 22 0 2
7 14264 22 0 2
8 1527 22 0 2
9 376 22 0 2
10 1396 22 0 2
11 538 22 0 2
12 14571 22 0 2
13 187 22 0 2
14 727 22 0 2
15 241 22 0 2
16 14189 22 0 2
17 14164 22 0 2
18 430 22 0 2
19 896 22 0 2
20 14289 22 0 2
21 943 22 0 2
22 646 22 0 2
23 133 22 0 2
24 19620 22 0 2
25 3326 22 0 2
26 1641 22 0 2
27 160 22 0 2
28 12436 22 0 2
29 1423 22 0 2
30 295 22 0 2
31 1014 22 0 2
32 1587 22 0 2
33 897 22 0 2
34 1472 22 0 2
35 700 22 0 2
36 987 22 0 2
37 14597 22 0 2
38 1161 22 0 2
39 511 22 0 2
40 947 22 0 2
41 322 22 0 2
42 1215 22 0 2