1 14315 23 0 3
2 14190 23 0 3
3 9113 23 0 3
4 8836 23 0 3
5 8830 23 0 3
6 8854 23 0 3
7 14340 23 0 3
8 9043 23 0 3
9 9047 23 0 3
10 9049 23 0 3
11 9050 23 0 3
12 5883 23 0 3
13 14572 23 0 3
14 8827 23 0 3
15 9052 23 0 3
16 8826 23 0 3
17 14290 23 0 3
18 9048 23 0 3
19 14240 23 0 3
20 8842 23 0 3
21 14165 23 0 3
22 9045 23 0 3
23 13151 23 0 3
24 8833 23 0 3
25 9046 23 0 3
26 8851 23 0 3
27 8845 23 0 3
28 19621 23 0 3
29 8846 23 0 3
30 8841 23 0 3
31 14215 23 0 3
32 8849 23 0 3
33 8828 23 0 3
34 9119 23 0 3
35 8853 23 0 3
36 14265 23 0 3
37 12437 23 0 3
38 14598 23 0 3
39 9051 23 0 3