1 14573 24 0 3
2 944 24 0 3
3 14241 24 0 3
4 161 24 0 3
5 809 24 0 3
6 890 24 0 3
7 14316 24 0 3
8 620 24 0 3
9 936 24 0 3
10 836 24 0 3
11 1705 24 0 3
12 296 24 0 3
13 1333 24 0 3
14 566 24 0 3
15 1424 24 0 3
16 350 24 0 3
17 512 24 0 3
18 1216 24 0 3
19 1078 24 0 3
20 1162 24 0 3
21 1105 24 0 3
22 188 24 0 3
23 14599 24 0 3
24 1615 24 0 3
25 242 24 0 3
26 12438 24 0 3
27 593 24 0 3
28 14166 24 0 3
29 14266 24 0 3
30 1528 24 0 3
31 940 24 0 3
32 1642 24 0 3
33 674 24 0 3
34 53 24 0 3
35 539 24 0 3
36 14191 24 0 3
37 1501 24 0 3
38 1243 24 0 3
39 14341 24 0 3
40 1270 24 0 3
41 13152 24 0 3
42 1473 24 0 3
43 3327 24 0 3
44 1669 24 0 3
45 431 24 0 3
46 755 24 0 3
47 80 24 0 3
48 1588 24 0 3
49 988 24 0 3
50 377 24 0 3
51 14216 24 0 3
52 863 24 0 3
53 1297 24 0 3
54 14291 24 0 3
55 898 24 0 3
56 269 24 0 3
57 948 24 0 3
58 323 24 0 3
59 485 24 0 3
60 1015 24 0 3
61 1555 24 0 3
62 647 24 0 3
63 1189 24 0 3
64 215 24 0 3
65 1397 24 0 3
66 5608 24 0 3
67 107 24 0 3