1 14574 25 0 3
2 1616 25 0 3
3 162 25 0 3
4 1398 25 0 3
5 1643 25 0 3
6 989 25 0 3
7 108 25 0 3
8 1425 25 0 3
9 14192 25 0 3
10 13153 25 0 3
11 7104 25 0 3
12 1271 25 0 3
13 14267 25 0 3
14 486 25 0 3
15 14167 25 0 3
16 135 25 0 3
17 675 25 0 3
18 4277 25 0 3
19 297 25 0 3
20 810 25 0 3
21 432 25 0 3
22 1474 25 0 3
23 1298 25 0 3
24 864 25 0 3
25 1217 25 0 3
26 648 25 0 3
27 1244 25 0 3
28 1334 25 0 3
29 4466 25 0 3
30 1079 25 0 3
31 243 25 0 3
32 621 25 0 3
33 1163 25 0 3
34 189 25 0 3
35 1190 25 0 3
36 351 25 0 3
37 1106 25 0 3
38 729 25 0 3
39 949 25 0 3
40 14217 25 0 3
41 756 25 0 3
42 3328 25 0 3
43 1589 25 0 3
44 702 25 0 3
45 6175 25 0 3
46 1529 25 0 3
47 270 25 0 3
48 1016 25 0 3
49 567 25 0 3
50 14342 25 0 3
51 54 25 0 3
52 1502 25 0 3
53 891 25 0 3
54 81 25 0 3
55 12439 25 0 3
56 837 25 0 3
57 540 25 0 3
58 216 25 0 3
59 14242 25 0 3
60 1556 25 0 3
61 1706 25 0 3
62 14292 25 0 3
63 941 25 0 3
64 14317 25 0 3
65 5534 25 0 3
66 937 25 0 3
67 1670 25 0 3
68 945 25 0 3