1 251 3 2
2 34 3 4
3 14195 3 4
4 62 3 2
5 14270 3 1
6 1687 3 1
7 142 3 4
8 1225 3 1
9 89 3 1
10 520 3 3
11 305 3 1
12 1623 3 1
13 656 3 3
14 1454 3 4
15 1570 3 1
16 115 3 2
17 736 3 4
18 1379 3 1
19 790 3 1
20 1252 3 2
21 1198 3 2
22 871 3 1
23 1624 3 3
24 196 3 3
25 655 3 3
26 1483 3 3
27 1510 3 4
28 601 3 1
29 1279 3 2
30 358 3 2
31 1224 3 2
32 1144 3 2
33 331 3 1
34 970 3 2
35 574 3 1
36 116 3 1
37 14295 3 3
38 1597 3 1
39 250 3 3
40 1171 3 3
41 844 3 1
42 224 3 3
43 1278 3 4
44 1406 3 1
45 657 3 1
46 14320 3 2
47 3310 3 4
48 1059 3 3
49 466 3 1
50 1087 3 4
51 1482 3 4
52 332 3 4
53 12417 3 4
54 996 3 3
55 1143 3 3
56 494 3 1
57 909 3 2
58 1170 3 1
59 683 3 1
60 14245 3 4
61 521 3 1
62 1086 3 1
63 14220 3 3
64 872 3 4
65 1650 3 2
66 548 3 4
67 61 3 4
68 575 3 4
69 412 3 1
70 737 3 1
71 1197 3 1
72 35 3 3
73 1596 3 3
74 1651 3 2
75 791 3 3
76 817 3 4
77 359 3 2
78 908 3 1
79 1537 3 2
80 547 3 2
81 845 3 2
82 169 3 4
83 629 3 2
84 223 3 1
85 277 3 4
86 19601 3 4
87 88 3 4
88 818 3 2
89 143 3 3
90 1569 3 1
91 602 3 4
92 1314 3 4
93 710 3 4
94 682 3 3
95 628 3 3
96 997 3 1
97 969 3 1
98 1315 3 1
99 467 3 4
100 1378 3 2