1 8913 4 5417
2 8909 4 3175
3 14196 4 3576
4 14246 4 4261
5 8915 4 3478
6 12418 4 2654
7 8894 4 6821
8 8823 4 1375
9 8822 4 1637
10 9178 4 4186
11 8897 4 1246
12 14579 4 6321
13 8907 4 5726
14 8914 4 2157
15 19602 4 1476
16 9174 4 2475
17 9175 4 2568
18 8888 4 2643
19 8819 4 2146
20 8912 4 3529
21 14146 4 1254
22 14296 4 4137
23 14221 4 5246
24 8824 4 1568
25 14321 4 3825
26 13132 4 7156
27 8910 4 2475
28 8820 4 4238
29 8821 4 2576
30 9176 4 2647
31 14271 4 3617
32 8906 4 3516
33 8818 4 2376
34 14171 4 2475
35 9173 4 1254