1 14273 5 24
2 13133 5 2,5
3 14172 5 16
4 8755 5 2994
5 14197 5 1
6 9170 5 2
7 14147 5 0,25
8 8770 5 3
9 19604 5 9
10 8754 5 960
11 8760 5 4
12 8758 5 4
13 14580 5 50
14 14173 5 5
15 3309 5 500
16 14198 5 0,4
17 9164 5 0,4
18 9166 5 44
19 19603 5 40
20 9168 5 6
21 8767 5 2
22 8765 5 0,001
23 9172 5 15
24 8772 5 499
25 8779 5 0,3
26 8775 5 20
27 14248 5 1200
28 9167 5 2000
29 8752 5 998
30 14223 5 1
31 12419 5 11
32 14322 5 5
33 14148 5 0,8
34 14581 5 2
35 14297 5 3
36 14222 5 4
37 8757 5 3
38 8764 5 12
39 9169 5 2
40 9171 5 2
41 12420 5 9
42 8751 5 2
43 9165 5 2
44 8753 5 80