1 8784 7 800
2 9114 7 25
3 8811 7 2,03
4 8799 7 10
5 9112 7 300
6 8815 7 723,52
7 8813 7 372
8 19605 7 0,2
9 8807 7 1
10 14556 7 2300
11 8786 7 26
12 14249 7 10
13 14224 7 1360
14 14299 7 420
15 8809 7 8,4
16 9117 7 25
17 14174 7 4
18 14582 7 15
19 14149 7 500
20 8810 7 128
21 3312 7 500
22 9116 7 40
23 14274 7 420
24 8808 7 350,72
25 8789 7 39
26 8812 7 2000
27 13135 7 2
28 8806 7 5104
29 9118 7 0,02
30 1689 7 1
31 14199 7 175,5
32 14324 7 6
33 8814 7 372
34 9115 7 0,6
35 12421 7 500
36 8783 7 1600
37 9044 7 1