1 9099 9 0,4
2 14326 9 9
3 9094 9 3,75
4 8848 9 1
5 9100 9 1
6 8835 9 230
7 9091 9 25,92
8 14558 9 5
9 8850 9 4
10 9095 9 160
11 14251 9 4,8
12 13136 9 2
13 8843 9 9
14 8838 9 2
15 9089 9 24
16 8832 9 2
17 14151 9 3,8
18 14583 9 11
19 9098 9 0,72
20 9092 9 0,25
21 14201 9 36
22 9097 9 8
23 14226 9 3,5
24 8837 9 72600
25 8844 9 2
26 14176 9 2,5
27 9090 9 12
28 9093 9 36
29 14276 9 7,5
30 8847 9 6
31 9096 9 225
32 12422 9 5,5
33 9101 9 3
34 8831 9 0,8
35 19607 9 1
36 14301 9 27
37 8825 9 10
38 8840 9 11